      0/99    0.872G   0.08673   0.05719   0.03233    0.1763         7       416         0         0  0.004748  0.001347   0.06111   0.03741   0.02484
      1/99     1.03G   0.08022   0.05844   0.02698    0.1656         6       416         0         0  0.005834  0.001367   0.07322    0.0298   0.02899
      2/99     1.03G   0.07497   0.05835    0.0237     0.157         4       416   0.03388   0.03825    0.0203  0.005083   0.05568   0.03451   0.02024
      3/99     1.03G   0.07164   0.05753   0.02323    0.1524         4       416    0.1083   0.02732   0.07446   0.01722   0.05563   0.03146   0.01991
      4/99     1.03G   0.06641   0.05316   0.02263    0.1422         3       416    0.4356    0.2826    0.2425   0.07587   0.04806   0.02812   0.01998
      5/99     1.03G   0.06141    0.0536   0.02165    0.1367         4       416    0.4858    0.2623    0.2693    0.1024    0.0472    0.0283   0.01964
      6/99     1.03G   0.05797   0.05265   0.02021    0.1308         6       416    0.2248    0.3966    0.3517    0.1191   0.04247   0.02581   0.01767
      7/99     1.03G   0.05608   0.05237   0.02004    0.1285         6       416    0.2629    0.3283    0.3072    0.1159   0.04736   0.02891   0.01785
      8/99     1.03G   0.05354   0.05087   0.01854    0.1229         4       416    0.3809    0.6649    0.5855    0.2451   0.04055   0.02649   0.01424
      9/99     1.03G   0.05201   0.04949   0.01718    0.1187         3       416    0.4124    0.6974    0.6321    0.2696   0.04105   0.02632   0.01421
     10/99     1.03G   0.05101   0.05079   0.01684    0.1186         4       416    0.3146    0.6805    0.5832    0.2219   0.03912   0.02471   0.01259
     11/99     1.03G   0.05011   0.04905   0.01545    0.1146         7       416    0.3085    0.7942     0.612    0.2297   0.03859   0.02459   0.01131
     12/99     1.03G   0.04857   0.04697   0.01408    0.1096         8       416    0.3375    0.7787    0.7059    0.3463   0.03674   0.02388   0.01137
     13/99     1.03G    0.0477   0.04688   0.01388    0.1084         1       416    0.3817    0.8637    0.7438    0.2983   0.03776   0.02475  0.008868
     14/99     1.03G   0.04713   0.04661   0.01189    0.1056         3       416    0.4544    0.8616    0.8204    0.3713   0.03596   0.02398  0.008254
     15/99     1.03G   0.04562   0.04722   0.01116     0.104         8       416    0.3344    0.8267    0.7616    0.4036   0.03443   0.02354  0.009088
     16/99     1.03G   0.04623   0.04606   0.01156    0.1039         4       416    0.3774    0.8826    0.8032    0.3785   0.03515   0.02263  0.007466
     17/99     1.03G   0.04449    0.0456   0.01041    0.1005         5       416    0.3319     0.851     0.807    0.3914   0.03387   0.02195  0.007521
     18/99     1.03G   0.04362   0.04313  0.009658    0.0964         5       416     0.398    0.9247    0.8554    0.3958   0.03416   0.02147  0.007852
     19/99     1.03G    0.0431   0.04345  0.009605   0.09615         4       416    0.3286    0.8064    0.7493    0.3957    0.0325   0.02203  0.007142
     20/99     1.03G   0.04272   0.04306  0.009088   0.09488         6       416    0.4409    0.8136    0.8011    0.4414   0.03338   0.02162   0.00516
     21/99     1.03G    0.0424   0.04342  0.008334   0.09416         4       416    0.4785    0.8986    0.8538    0.4421    0.0332   0.02129   0.00469
     22/99     1.03G   0.04165   0.04197  0.008412   0.09203         5       416    0.3945    0.8692    0.8464    0.4929   0.03213   0.02169  0.005046
     23/99     1.03G   0.04193   0.04267   0.00884   0.09344         5       416    0.4995    0.9281    0.8736    0.4336   0.03296   0.02109  0.005562
     24/99     1.03G   0.04154   0.04376  0.008807   0.09411         6       416    0.4332    0.8877    0.8517    0.4642   0.03351   0.02097  0.005248
     25/99     1.03G   0.04047   0.04232  0.007219   0.09001         7       416    0.4486     0.915    0.8766    0.4759   0.03051   0.02075  0.003405
     26/99     1.03G   0.03978   0.04072  0.008523   0.08902         6       416    0.4605    0.9226    0.8494    0.4925   0.03253   0.02048  0.003798
     27/99     1.03G   0.03973   0.04021  0.008466   0.08841         6       416    0.3634    0.8986    0.8412    0.4659   0.03194   0.02123  0.003531
     28/99     1.03G   0.04022   0.04175   0.00785   0.08982         7       416    0.4018    0.8877    0.7102    0.3648   0.03219   0.02053  0.006132
     29/99     1.03G   0.03847    0.0415   0.00726   0.08724         8       416    0.4664    0.9014    0.8239    0.4636   0.03175    0.0207  0.002317
     30/99     1.03G   0.03896    0.0418  0.007085   0.08785         3       416    0.5214    0.9349     0.889     0.508   0.03103   0.01986  0.002174
     31/99     1.03G   0.03855   0.04047  0.006278    0.0853         2       416    0.4887    0.9171    0.8812     0.513    0.0325   0.02016  0.002444
     32/99     1.03G   0.03853   0.04066  0.006434   0.08562         7       416    0.3907    0.8506    0.7886     0.439   0.03202   0.02065  0.003295
     33/99     1.03G   0.03786   0.03915  0.006759   0.08377         2       416    0.4816    0.9007    0.8496    0.4541   0.03236   0.02054  0.003128
     34/99     1.03G   0.03753    0.0403  0.007133   0.08497         5       416    0.5119    0.9041    0.8337    0.4904   0.03171   0.01988  0.003113
     35/99     1.03G   0.03781   0.03848   0.00646   0.08275         5       416    0.5194    0.9171    0.8654    0.4784   0.03103   0.01999  0.003313
     36/99     1.03G   0.03745   0.03934  0.006682   0.08347         7       416    0.4684    0.8986    0.8243    0.5159   0.03151   0.02012  0.002585
     37/99     1.03G   0.03782   0.03855  0.005918   0.08228         3       416    0.5078     0.933    0.9084    0.5462   0.02973   0.01964  0.001954
     38/99     1.03G   0.03754   0.03842  0.005691   0.08165         6       416     0.507     0.915    0.8734    0.4828      0.03   0.01901  0.002347
     39/99     1.03G    0.0372   0.03858  0.005268   0.08105         2       416    0.5946    0.9226    0.8873    0.5065   0.03005   0.01914  0.003458
     40/99     1.03G   0.03679   0.03742  0.005197   0.07941         4       416    0.5344    0.9281    0.8581    0.4871   0.03092   0.01928  0.002655
     41/99     1.03G   0.03675   0.03891  0.005396   0.08105         3       416    0.5316    0.8855    0.8456    0.5242   0.03001   0.01967  0.002789
     42/99     1.03G   0.03645   0.03862   0.00515   0.08022         3       416    0.5055    0.8965    0.8133     0.504    0.0291   0.01938  0.003019
     43/99     1.03G   0.03577   0.03704  0.005733   0.07855         6       416    0.5733    0.9095    0.8476    0.5226   0.03003   0.01918  0.002245
     44/99     1.03G   0.03557    0.0376  0.005526    0.0787         2       416    0.6073    0.9281    0.8693    0.4955   0.02946   0.01906  0.003046
     45/99     1.03G   0.03546   0.03772  0.005114   0.07829         2       416    0.5771    0.9411    0.8713    0.5254   0.02913    0.0187  0.002981
     46/99     1.03G   0.03574   0.03792  0.005386   0.07905         3       416    0.6293    0.9411    0.9127    0.5371   0.02995   0.01879  0.002563
     47/99     1.03G   0.03544   0.03805  0.005202    0.0787         4       416     0.574    0.9466    0.8735    0.5097   0.02973   0.01921  0.002828
     48/99     1.03G   0.03504   0.03716  0.004412   0.07661         6       416     0.615    0.9009    0.8626    0.5077   0.03075   0.01911  0.003191
     49/99     1.03G   0.03537   0.03753  0.005074   0.07798         8       416    0.7376    0.9281    0.8796    0.5429   0.02912   0.01887   0.00203
     50/99     1.03G   0.03447   0.03598  0.005148    0.0756         7       416    0.5651    0.9281    0.8707    0.5272   0.02864   0.01883   0.00287
     51/99     1.03G   0.03421   0.03625  0.004515   0.07497         6       416    0.6284    0.8953    0.8527    0.5134    0.0296   0.01854  0.002404
     52/99     1.03G   0.03458   0.03709  0.004898   0.07657         5       416    0.6816    0.8931    0.8626    0.5022   0.03015   0.01847  0.002465
     53/99     1.03G   0.03447   0.03707  0.004896   0.07644         5       416    0.6718    0.9171    0.8777    0.5387   0.02982   0.01935  0.002407
     54/99     1.03G   0.03371   0.03572  0.004746   0.07418         7       416     0.692    0.9466    0.8907    0.5456   0.02913    0.0188  0.001807
     55/99     1.03G   0.03317   0.03689  0.004651   0.07471         8       416    0.6744    0.8986    0.8368    0.5153   0.02973   0.01915    0.0028
     56/99     1.03G   0.03402   0.03569  0.005003   0.07471         6       416    0.6453    0.9041    0.8705    0.5354   0.03019   0.01839  0.002504
     57/99     1.03G   0.03307   0.03446  0.004232   0.07177         7       416    0.6042    0.9281    0.8763    0.5091   0.02996   0.01906  0.003178
     58/99     1.03G   0.03298   0.03575  0.004321   0.07305         1       416    0.6012    0.9411    0.8915    0.5197   0.02969   0.01857  0.002075
     59/99     1.03G   0.03276   0.03576  0.003881    0.0724         8       416    0.5925    0.9281    0.8429    0.5291   0.02902   0.01883  0.001958
     60/99     1.03G   0.03333   0.03552   0.00408   0.07293         4       416    0.6374    0.9041    0.8535    0.5233   0.03028   0.01848  0.001618
     61/99     1.03G   0.03275   0.03508  0.004688   0.07252         2       416    0.6943    0.9281    0.8969    0.5576   0.02848   0.01842  0.001404
     62/99     1.03G   0.03251   0.03517  0.004549   0.07223         2       416     0.582    0.9138    0.8626    0.5218   0.02989   0.01825  0.002277
     63/99     1.03G   0.03281   0.03619  0.004889   0.07389         3       416    0.5815     0.891    0.8306    0.5318   0.02867   0.01896  0.002025
     64/99     1.03G   0.03184   0.03516  0.003993     0.071         3       416    0.7155    0.9466    0.8934    0.5442   0.02872   0.01859  0.002077
     65/99     1.03G   0.03152   0.03446   0.00382    0.0698         8       416    0.6704    0.9281    0.8692    0.5421    0.0287   0.01822  0.002173
     66/99     1.03G   0.03212   0.03523  0.003618   0.07097         7       416    0.6268    0.8855    0.8521    0.5434   0.02924   0.01859  0.001874
     67/99     1.03G   0.03167   0.03579  0.003712   0.07118         4       416    0.7153    0.9335    0.8951    0.5775   0.02915   0.01788  0.001354
     68/99     1.03G   0.03131   0.03413  0.003511   0.06896         2       416    0.6353    0.9281    0.8573    0.5492   0.02869   0.01835  0.001329
     69/99     1.03G   0.03172    0.0344   0.00339   0.06951         3       416    0.6962    0.9466    0.9008     0.539   0.02796   0.01808  0.001901
     70/99     1.03G   0.03141   0.03376   0.00387   0.06904         6       416    0.6977     0.952    0.9107    0.5479   0.02805   0.01804  0.001869
     71/99     1.03G   0.03096   0.03424  0.003241   0.06844         7       416    0.6962     0.952    0.9261    0.5667   0.02819   0.01803  0.001104
     72/99     1.03G   0.03066    0.0344  0.003433    0.0685         6       416     0.699     0.952    0.9229    0.5532   0.02828   0.01782  0.001668
     73/99     1.03G   0.03141   0.03383   0.00341   0.06864         5       416     0.662    0.9519    0.8833    0.5208   0.02932   0.01819  0.002347
     74/99     1.03G   0.03106   0.03401  0.003226   0.06829         7       416     0.698    0.9117    0.9032    0.5258   0.02943   0.01852  0.001302
     75/99     1.03G    0.0312   0.03437  0.004218   0.06979         4       416    0.7095    0.9447    0.9125    0.5601   0.02767   0.01831  0.001493
     76/99     1.03G   0.03113   0.03349  0.004006   0.06862         3       416    0.7085    0.9466    0.8965    0.5569   0.02786   0.01822  0.001057
     77/99     1.03G   0.03045   0.03348   0.00354   0.06746         5       416    0.6631    0.9226    0.8805    0.5392     0.028   0.01881  0.001295
     78/99     1.03G   0.03094   0.03383  0.003124   0.06789         3       416    0.7327    0.9466     0.913     0.553   0.02819   0.01857 0.0009152
     79/99     1.03G   0.03085   0.03353  0.003418    0.0678         5       416    0.6966    0.8986    0.8359    0.5356   0.02879   0.01802  0.001507
     80/99     1.03G    0.0304   0.03361  0.003529   0.06754         5       416    0.7037    0.9095    0.8364    0.5435    0.0282   0.01816  0.001104
     81/99     1.03G   0.02965    0.0327   0.00277   0.06512         5       416    0.6394    0.9041    0.8623    0.5523   0.02829    0.0183 0.0009733
     82/99     1.03G   0.02994   0.03279  0.003606   0.06634         6       416    0.6732    0.9041    0.8525    0.5578   0.02826   0.01829  0.001255
     83/99     1.03G   0.02961   0.03212  0.002715   0.06445         6       416    0.6643    0.9226    0.8813    0.5421   0.02882   0.01822  0.001168
     84/99     1.03G   0.03035   0.03305  0.003026   0.06642         3       416    0.6623    0.9226    0.8931    0.5659   0.02848   0.01844  0.001086
     85/99     1.03G   0.02982   0.03272  0.003232   0.06577         7       416    0.7168     0.926    0.8905     0.543   0.02891   0.01832  0.001163
     86/99     1.03G   0.02908   0.03236  0.003034   0.06447         5       416    0.7332    0.9411    0.8988    0.5534   0.02799   0.01785  0.001372
     87/99     1.03G   0.03003   0.03232  0.003033   0.06538         6       416    0.7549    0.9466    0.9167    0.5619   0.02801   0.01775  0.001393
     88/99     1.03G   0.02932   0.03245  0.002699   0.06447         6       416    0.7509    0.9356    0.9195    0.5552   0.02837   0.01866  0.001085
     89/99     1.03G    0.0293   0.03346  0.003122   0.06589         5       416    0.7077    0.9411    0.9085    0.5569    0.0281    0.0182  0.001048
     90/99     1.03G   0.02893   0.03154   0.00326   0.06373         5       416    0.7081    0.9226    0.9149    0.5546   0.02832   0.01851  0.001279
     91/99     1.03G   0.02884   0.03289  0.002541   0.06427         3       416    0.7011    0.9281    0.9117    0.5525   0.02738   0.01822   0.00133
     92/99     1.03G   0.02975   0.03297  0.002544   0.06526         6       416    0.7311    0.9411    0.9165    0.5387   0.02854   0.01796  0.001197
     93/99     1.03G   0.02897   0.03189  0.003095   0.06396         9       416     0.742    0.9411    0.9124     0.558   0.02784    0.0182  0.001275
     94/99     1.03G   0.02954   0.03264  0.002603   0.06478         7       416    0.7218    0.9275     0.901    0.5719    0.0277   0.01794  0.001136
     95/99     1.03G    0.0283   0.03134  0.002781   0.06242         2       416    0.7203    0.9117    0.9096    0.5805   0.02871   0.01832  0.001198
     96/99     1.03G   0.02899   0.03165  0.002908   0.06354         5       416    0.6697    0.9171    0.9078    0.5747   0.02848   0.01806  0.001299
     97/99     1.03G   0.02864   0.03199  0.002657   0.06329         2       416    0.6868    0.9226    0.8958    0.5533   0.02852   0.01841   0.00124
     98/99     1.03G   0.02904   0.03149  0.002396   0.06293         2       416    0.6596    0.9171      0.85     0.515   0.02793   0.01847  0.001558
     99/99     1.03G   0.02858   0.03182  0.002386   0.06279         2       416    0.6862    0.9171    0.8642    0.5195   0.02931   0.01902   0.00135
